-9.00000  -2000.00000  18.37490 5442.20501
-9.00000  -1980.00000  18.42263 5428.10810
-9.00000  -1960.00000  18.40207 5434.16979
-9.00000  -1940.00000  18.40558 5433.13495
-9.00000  -1920.00000  18.43041 5425.81527
-9.00000  -1900.00000  18.47125 5413.82024
-9.00000  -1880.00000  18.46487 5415.69083
-9.00000  -1860.00000  18.48569 5409.59126
-9.00000  -1840.00000  18.48494 5409.81075
-9.00000  -1820.00000  18.52972 5396.73562
-9.00000  -1800.00000  18.53912 5393.99783
-9.00000  -1780.00000  18.57953 5382.26747
-9.00000  -1760.00000  18.57985 5382.17622
-9.00000  -1740.00000  18.59273 5378.44631
-9.00000  -1720.00000  18.59974 5376.41779
-9.00000  -1700.00000  18.59075 5379.01914
-9.00000  -1680.00000  18.65358 5360.90123
-9.00000  -1660.00000  18.65188 5361.38984
-9.00000  -1640.00000  18.68268 5352.55113
-9.00000  -1620.00000  18.71160 5344.27699
-9.00000  -1600.00000  18.72205 5341.29685
-9.00000  -1580.00000  18.72778 5339.66119
-9.00000  -1560.00000  18.76641 5328.66968
-9.00000  -1540.00000  18.77139 5327.25600
-9.00000  -1520.00000  18.78795 5322.55905
-9.00000  -1500.00000  18.82077 5313.28031
-9.00000  -1480.00000  18.81708 5314.32082
-9.00000  -1460.00000  18.87249 5298.71787
-9.00000  -1440.00000  18.83818 5308.36843
-9.00000  -1420.00000  18.87334 5298.47923
-9.00000  -1400.00000  18.87638 5297.62452
-9.00000  -1380.00000  18.89686 5291.88447
-9.00000  -1360.00000  18.90182 5290.49584
-9.00000  -1340.00000  18.94106 5279.53696
-9.00000  -1320.00000  18.96556 5272.71678
-9.00000  -1300.00000  18.96544 5272.75014
-9.00000  -1280.00000  19.00830 5260.86111
-9.00000  -1260.00000  19.03157 5254.42587
-9.00000  -1240.00000  19.03238 5254.20363
-9.00000  -1220.00000  19.02759 5255.52494
-9.00000  -1200.00000  19.07015 5243.79862
-9.00000  -1180.00000  19.07118 5243.51404
-9.00000  -1160.00000  19.10128 5235.25125
-9.00000  -1140.00000  19.10253 5234.90730
-9.00000  -1120.00000  19.13406 5226.28371
-9.00000  -1100.00000  19.13553 5225.87950
-9.00000  -1080.00000  19.17136 5216.11268
-9.00000  -1060.00000  19.16451 5217.97708
-9.00000  -1040.00000  19.20262 5207.62271
-9.00000  -1020.00000  19.20167 5207.87900
-9.00000  -1000.00000  19.21636 5203.90053
-9.00000  -980.00000  19.25619 5193.13530
-9.00000  -960.00000  19.27649 5187.66643
-9.00000  -940.00000  19.27403 5188.32720
-9.00000  -920.00000  19.27192 5188.89525
-9.00000  -900.00000  19.31561 5177.15982
-9.00000  -880.00000  19.31890 5176.27815
-9.00000  -860.00000  19.34766 5168.58369
-9.00000  -840.00000  19.36618 5163.64228
-9.00000  -820.00000  19.37374 5161.62599
-9.00000  -800.00000  19.40258 5153.95508
-9.00000  -780.00000  19.37187 5162.12292
-9.00000  -760.00000  19.40381 5153.62705
-9.00000  -740.00000  19.43499 5145.35896
-9.00000  -720.00000  19.48742 5131.51430
-9.00000  -700.00000  19.47970 5133.54797
-9.00000  -680.00000  19.49157 5130.42305
-9.00000  -660.00000  19.52543 5121.52613
-9.00000  -640.00000  19.52892 5120.61087
-9.00000  -620.00000  19.52933 5120.50337
-9.00000  -600.00000  19.55150 5114.69577
-9.00000  -580.00000  19.55165 5114.65653
-9.00000  -560.00000  19.57465 5108.64948
-9.00000  -540.00000  19.61217 5098.87613
-9.00000  -520.00000  19.60004 5102.03040
-9.00000  -500.00000  19.61922 5097.04389
-9.00000  -480.00000  19.65514 5087.72639
-9.00000  -460.00000  19.64905 5089.30457
-9.00000  -440.00000  19.64522 5090.29677
-9.00000  -420.00000  19.67351 5082.97577
-9.00000  -400.00000  19.66526 5085.10948
-9.00000  -380.00000  19.70283 5075.41302
-9.00000  -360.00000  19.68064 5081.13557
-9.00000  -340.00000  19.71364 5072.62992
-9.00000  -320.00000  19.73013 5068.38904
-9.00000  -300.00000  19.73970 5065.93312
-9.00000  -280.00000  19.71908 5071.23050
-9.00000  -260.00000  19.73114 5068.13088
-9.00000  -240.00000  19.73437 5067.30136
-9.00000  -220.00000  19.78934 5053.22690
-9.00000  -200.00000  19.77750 5056.25079
-9.00000  -180.00000  19.78595 5054.09141
-9.00000  -160.00000  19.78751 5053.69296
-9.00000  -140.00000  19.76478 5059.50484
-9.00000  -120.00000  19.76318 5059.91317
-9.00000  -100.00000  19.77431 5057.06647
-9.00000  -80.00000  19.79701 5051.26912
-9.00000  -60.00000  19.78357 5054.69943
-9.00000  -40.00000  19.80857 5048.31999
-9.00000  -20.00000  19.79449 5051.91219
-9.00000  0.00000  19.78856 5053.42481
-9.00000  20.00000  19.79650 5051.39670
-9.00000  40.00000  19.80131 5050.17092
-9.00000  60.00000  19.77983 5055.65646
-9.00000  80.00000  19.78191 5055.12360
-9.00000  100.00000  19.76477 5059.50868
-9.00000  120.00000  19.78855 5053.42608
-9.00000  140.00000  19.78665 5053.91261
-9.00000  160.00000  19.76507 5059.42932
-9.00000  180.00000  19.76253 5060.08215
-9.00000  200.00000  19.78269 5054.92556
-9.00000  220.00000  19.74717 5064.01677
-9.00000  240.00000  19.73015 5068.38519
-9.00000  260.00000  19.74029 5065.78043
-9.00000  280.00000  19.73914 5066.07684
-9.00000  300.00000  19.69383 5077.73118
-9.00000  320.00000  19.69789 5076.68588
-9.00000  340.00000  19.70554 5074.71632
-9.00000  360.00000  19.68643 5079.63986
-9.00000  380.00000  19.69944 5076.28643
-9.00000  400.00000  19.66231 5085.87241
-9.00000  420.00000  19.63621 5092.63373
-9.00000  440.00000  19.60927 5099.62760
-9.00000  460.00000  19.61796 5097.36996
-9.00000  480.00000  19.63445 5093.08764
-9.00000  500.00000  19.59548 5103.21898
-9.00000  520.00000  19.59930 5102.22304
-9.00000  540.00000  19.60098 5101.78573
-9.00000  560.00000  19.56000 5112.47574
-9.00000  580.00000  19.53102 5120.06160
-9.00000  600.00000  19.55935 5112.64564
-9.00000  620.00000  19.56752 5110.50966
-9.00000  640.00000  19.49159 5130.41779
-9.00000  660.00000  19.50492 5126.91157
-9.00000  680.00000  19.46421 5137.63334
-9.00000  700.00000  19.45620 5139.74980
-9.00000  720.00000  19.42012 5149.29744
-9.00000  740.00000  19.43152 5146.27780
-9.00000  760.00000  19.44573 5142.51583
-9.00000  780.00000  19.41823 5149.80128
-9.00000  800.00000  19.39975 5154.70560
-9.00000  820.00000  19.37714 5160.72164
-9.00000  840.00000  19.35019 5167.90658
-9.00000  860.00000  19.35868 5165.64146
-9.00000  880.00000  19.33762 5171.26854
-9.00000  900.00000  19.31642 5176.94273
-9.00000  920.00000  19.30088 5181.11091
-9.00000  940.00000  19.28180 5186.23780
-9.00000  960.00000  19.27852 5187.11883
-9.00000  980.00000  19.25276 5194.05914
-9.00000  1000.00000  19.23711 5198.28602
-9.00000  1020.00000  19.19752 5209.00616
-9.00000  1040.00000  19.18534 5212.31315
-9.00000  1060.00000  19.17490 5215.14970
-9.00000  1080.00000  19.16093 5218.95336
-9.00000  1100.00000  19.14388 5223.60149
-9.00000  1120.00000  19.12685 5228.25243
-9.00000  1140.00000  19.10429 5234.42777
-9.00000  1160.00000  19.08503 5239.70745
-9.00000  1180.00000  19.09046 5238.21846
-9.00000  1200.00000  19.05287 5248.55448
-9.00000  1220.00000  19.02949 5255.00296
-9.00000  1240.00000  19.02365 5256.61479
-9.00000  1260.00000  19.01144 5259.98944
-9.00000  1280.00000  19.02351 5256.65210
-9.00000  1300.00000  18.95755 5274.94184
-9.00000  1320.00000  18.94586 5278.19937
-9.00000  1340.00000  18.96568 5272.68063
-9.00000  1360.00000  18.90070 5290.80934
-9.00000  1380.00000  18.91867 5285.78383
-9.00000  1400.00000  18.87343 5298.45256
-9.00000  1420.00000  18.86839 5299.86925
-9.00000  1440.00000  18.83166 5310.20773
-9.00000  1460.00000  18.85963 5302.33096
-9.00000  1480.00000  18.83249 5309.97088
-9.00000  1500.00000  18.80573 5317.52681
-9.00000  1520.00000  18.79519 5320.50878
-9.00000  1540.00000  18.77894 5325.11561
-9.00000  1560.00000  18.76951 5327.78959
-9.00000  1580.00000  18.77210 5327.05309
-9.00000  1600.00000  18.71785 5342.49393
-9.00000  1620.00000  18.71689 5342.76795
-9.00000  1640.00000  18.69737 5348.34721
-9.00000  1660.00000  18.67300 5355.32731
-9.00000  1680.00000  18.66067 5358.86439
-9.00000  1700.00000  18.61973 5370.64860
-9.00000  1720.00000  18.59519 5377.73478
-9.00000  1740.00000  18.59239 5378.54611
-9.00000  1760.00000  18.57992 5382.15450
-9.00000  1780.00000  18.55387 5389.71115
-9.00000  1800.00000  18.54134 5393.35490
-9.00000  1820.00000  18.54791 5391.44448
-9.00000  1840.00000  18.50408 5404.21356
-9.00000  1860.00000  18.48134 5410.86160
-9.00000  1880.00000  18.48563 5409.60589
-9.00000  1900.00000  18.45932 5417.31765
-9.00000  1920.00000  18.46322 5416.17481
-9.00000  1940.00000  18.43476 5424.53495
-9.00000  1960.00000  18.38846 5438.19478
-9.00000  1980.00000  18.38478 5439.28332
-9.00000  2000.00000  18.36650 5444.69551
