4.00000  -2000.00000  11.97094 8353.56288
4.00000  -1980.00000  11.97819 8348.50674
4.00000  -1960.00000  11.97175 8353.00117
4.00000  -1940.00000  12.01016 8326.28375
4.00000  -1920.00000  12.02977 8312.70743
4.00000  -1900.00000  12.01338 8324.05202
4.00000  -1880.00000  12.06036 8291.62989
4.00000  -1860.00000  12.08420 8275.26853
4.00000  -1840.00000  12.09113 8270.52558
4.00000  -1820.00000  12.11341 8255.31374
4.00000  -1800.00000  12.11745 8252.56139
4.00000  -1780.00000  12.12362 8248.36486
4.00000  -1760.00000  12.14046 8236.92018
4.00000  -1740.00000  12.14819 8231.67557
4.00000  -1720.00000  12.14443 8234.22415
4.00000  -1700.00000  12.19346 8201.11765
4.00000  -1680.00000  12.21141 8189.06252
4.00000  -1660.00000  12.22231 8181.75607
4.00000  -1640.00000  12.23955 8170.23168
4.00000  -1620.00000  12.27030 8149.75999
4.00000  -1600.00000  12.28996 8136.71967
4.00000  -1580.00000  12.28421 8140.52831
4.00000  -1560.00000  12.31320 8121.36899
4.00000  -1540.00000  12.33032 8110.08960
4.00000  -1520.00000  12.34312 8101.67603
4.00000  -1500.00000  12.32404 8114.22558
4.00000  -1480.00000  12.37086 8083.51238
4.00000  -1460.00000  12.37696 8079.53168
4.00000  -1440.00000  12.38986 8071.11948
4.00000  -1420.00000  12.41007 8057.97228
4.00000  -1400.00000  12.43656 8040.80548
4.00000  -1380.00000  12.41601 8054.11398
4.00000  -1360.00000  12.48163 8011.77410
4.00000  -1340.00000  12.47659 8015.01051
4.00000  -1320.00000  12.49059 8006.02373
4.00000  -1300.00000  12.50197 7998.73620
4.00000  -1280.00000  12.52355 7984.95634
4.00000  -1260.00000  12.52588 7983.47421
4.00000  -1240.00000  12.51554 7990.06675
4.00000  -1220.00000  12.57609 7951.59704
4.00000  -1200.00000  12.58066 7948.70541
4.00000  -1180.00000  12.62708 7919.49046
4.00000  -1160.00000  12.62309 7921.99057
4.00000  -1140.00000  12.66067 7898.47615
4.00000  -1120.00000  12.66701 7894.51974
4.00000  -1100.00000  12.65883 7899.62109
4.00000  -1080.00000  12.69674 7876.03747
4.00000  -1060.00000  12.71964 7861.86082
4.00000  -1040.00000  12.72448 7858.86423
4.00000  -1020.00000  12.74237 7847.83057
4.00000  -1000.00000  12.73322 7853.47304
4.00000  -980.00000  12.76656 7832.96055
4.00000  -960.00000  12.78058 7824.37410
4.00000  -940.00000  12.79992 7812.54578
4.00000  -920.00000  12.82763 7795.67231
4.00000  -900.00000  12.84831 7783.12478
4.00000  -880.00000  12.87289 7768.26036
4.00000  -860.00000  12.87500 7766.98727
4.00000  -840.00000  12.87485 7767.08078
4.00000  -820.00000  12.89961 7752.17235
4.00000  -800.00000  12.93657 7730.02426
4.00000  -780.00000  12.91258 7744.38571
4.00000  -760.00000  12.94131 7727.19300
4.00000  -740.00000  12.95180 7720.93454
4.00000  -720.00000  12.96658 7712.13381
4.00000  -700.00000  12.97955 7704.42735
4.00000  -680.00000  12.98715 7699.91580
4.00000  -660.00000  13.01511 7683.37429
4.00000  -640.00000  13.01777 7681.80725
4.00000  -620.00000  13.05344 7660.81291
4.00000  -600.00000  13.09817 7634.65722
4.00000  -580.00000  13.07634 7647.39688
4.00000  -560.00000  13.09043 7639.16554
4.00000  -540.00000  13.11240 7626.37184
4.00000  -520.00000  13.09911 7634.10353
4.00000  -500.00000  13.14153 7609.46694
4.00000  -480.00000  13.12752 7617.58504
4.00000  -460.00000  13.16845 7593.90817
4.00000  -440.00000  13.20603 7572.29555
4.00000  -420.00000  13.17559 7589.79294
4.00000  -400.00000  13.21103 7569.42965
4.00000  -380.00000  13.22292 7562.62897
4.00000  -360.00000  13.23564 7555.36096
4.00000  -340.00000  13.22424 7561.87409
4.00000  -320.00000  13.25746 7542.92585
4.00000  -300.00000  13.27502 7532.94250
4.00000  -280.00000  13.27403 7533.50999
4.00000  -260.00000  13.27549 7532.67864
4.00000  -240.00000  13.27763 7531.46174
4.00000  -220.00000  13.28571 7526.88132
4.00000  -200.00000  13.31658 7509.43843
4.00000  -180.00000  13.32648 7503.85980
4.00000  -160.00000  13.32917 7502.34261
4.00000  -140.00000  13.32366 7505.44520
4.00000  -120.00000  13.34389 7494.06657
4.00000  -100.00000  13.33850 7497.09769
4.00000  -80.00000  13.32726 7503.42062
4.00000  -60.00000  13.36194 7483.94040
4.00000  -40.00000  13.33983 7496.35021
4.00000  -20.00000  13.36190 7483.96840
4.00000  0.00000  13.35671 7486.87644
4.00000  20.00000  13.34215 7495.04390
4.00000  40.00000  13.35686 7486.78676
4.00000  60.00000  13.35571 7487.43421
4.00000  80.00000  13.33699 7497.94088
4.00000  100.00000  13.34640 7492.66000
4.00000  120.00000  13.35122 7489.95223
4.00000  140.00000  13.36735 7480.91712
4.00000  160.00000  13.33608 7498.45532
4.00000  180.00000  13.31370 7511.06004
4.00000  200.00000  13.32863 7502.64656
4.00000  220.00000  13.31853 7508.33895
4.00000  240.00000  13.31741 7508.97040
4.00000  260.00000  13.28525 7527.14193
4.00000  280.00000  13.27323 7533.95838
4.00000  300.00000  13.28179 7529.10281
4.00000  320.00000  13.29530 7521.45495
4.00000  340.00000  13.26870 7536.53335
4.00000  360.00000  13.24870 7547.90751
4.00000  380.00000  13.24133 7552.11146
4.00000  400.00000  13.19295 7579.80588
4.00000  420.00000  13.19346 7579.51575
4.00000  440.00000  13.19722 7577.35054
4.00000  460.00000  13.15916 7599.26925
4.00000  480.00000  13.15992 7598.82750
4.00000  500.00000  13.13025 7616.00412
4.00000  520.00000  13.14416 7607.94147
4.00000  540.00000  13.09930 7633.99571
4.00000  560.00000  13.08043 7645.00861
4.00000  580.00000  13.08072 7644.83620
4.00000  600.00000  13.06646 7653.18227
4.00000  620.00000  13.03368 7672.42725
4.00000  640.00000  13.03594 7671.10299
4.00000  660.00000  12.98867 7699.01472
4.00000  680.00000  12.98870 7698.99990
4.00000  700.00000  12.98808 7699.36742
4.00000  720.00000  12.96837 7711.06932
4.00000  740.00000  12.94346 7725.91244
4.00000  760.00000  12.94558 7724.64424
4.00000  780.00000  12.91736 7741.51694
4.00000  800.00000  12.89624 7754.20113
4.00000  820.00000  12.89668 7753.93357
4.00000  840.00000  12.85417 7779.57356
4.00000  860.00000  12.86672 7771.99153
4.00000  880.00000  12.86322 7774.10624
4.00000  900.00000  12.80129 7811.71273
4.00000  920.00000  12.80659 7808.47985
4.00000  940.00000  12.79934 7812.90285
4.00000  960.00000  12.76381 7834.65125
4.00000  980.00000  12.77063 7830.46725
4.00000  1000.00000  12.72198 7860.41167
4.00000  1020.00000  12.72527 7858.37943
4.00000  1040.00000  12.71280 7866.08463
4.00000  1060.00000  12.69351 7878.04161
4.00000  1080.00000  12.68841 7881.21123
4.00000  1100.00000  12.66341 7896.76714
4.00000  1120.00000  12.65733 7900.56351
4.00000  1140.00000  12.63856 7912.29381
4.00000  1160.00000  12.61126 7929.42180
4.00000  1180.00000  12.59736 7938.17117
4.00000  1200.00000  12.59651 7938.70998
4.00000  1220.00000  12.57597 7951.67607
4.00000  1240.00000  12.54971 7968.31162
4.00000  1260.00000  12.53271 7979.11705
4.00000  1280.00000  12.53337 7978.70006
4.00000  1300.00000  12.50073 7999.53603
4.00000  1320.00000  12.49185 8005.21940
4.00000  1340.00000  12.45041 8031.86079
4.00000  1360.00000  12.47386 8016.76466
4.00000  1380.00000  12.45022 8031.98658
4.00000  1400.00000  12.43811 8039.80992
4.00000  1420.00000  12.43117 8044.29187
4.00000  1440.00000  12.40552 8060.93096
4.00000  1460.00000  12.39260 8069.33170
4.00000  1480.00000  12.38337 8075.34621
4.00000  1500.00000  12.36612 8086.61084
4.00000  1520.00000  12.34236 8102.17491
4.00000  1540.00000  12.33923 8104.23341
4.00000  1560.00000  12.30323 8127.94689
4.00000  1580.00000  12.28930 8137.15666
4.00000  1600.00000  12.28196 8142.02293
4.00000  1620.00000  12.26439 8153.68722
4.00000  1640.00000  12.24562 8166.18847
4.00000  1660.00000  12.20444 8193.73597
4.00000  1680.00000  12.19304 8201.40014
4.00000  1700.00000  12.15118 8229.65003
4.00000  1720.00000  12.18088 8209.59085
4.00000  1740.00000  12.15774 8225.21291
4.00000  1760.00000  12.14218 8235.75338
4.00000  1780.00000  12.15005 8230.41880
4.00000  1800.00000  12.13026 8243.84638
4.00000  1820.00000  12.11709 8252.80317
4.00000  1840.00000  12.11279 8255.73629
4.00000  1860.00000  12.07775 8279.68443
4.00000  1880.00000  12.07607 8280.83628
4.00000  1900.00000  12.05054 8298.37987
4.00000  1920.00000  12.04151 8304.60287
4.00000  1940.00000  12.01977 8319.62675
4.00000  1960.00000  11.97842 8348.34993
4.00000  1980.00000  11.97859 8348.23145
4.00000  2000.00000  11.96146 8360.18346
