9.00000  -2000.00000  14.12213 7081.08479
9.00000  -1980.00000  14.13170 7076.29198
9.00000  -1960.00000  14.13899 7072.63847
9.00000  -1940.00000  14.13325 7075.51342
9.00000  -1920.00000  14.14908 7067.59733
9.00000  -1900.00000  14.17492 7054.71354
9.00000  -1880.00000  14.19331 7045.57288
9.00000  -1860.00000  14.17413 7055.10424
9.00000  -1840.00000  14.18508 7049.66063
9.00000  -1820.00000  14.22093 7031.88891
9.00000  -1800.00000  14.23959 7022.67411
9.00000  -1780.00000  14.25187 7016.62308
9.00000  -1760.00000  14.24750 7018.77522
9.00000  -1740.00000  14.29189 6996.97521
9.00000  -1720.00000  14.30228 6991.89465
9.00000  -1700.00000  14.30406 6991.02213
9.00000  -1680.00000  14.33880 6974.08187
9.00000  -1660.00000  14.34186 6972.59387
9.00000  -1640.00000  14.34625 6970.46024
9.00000  -1620.00000  14.33837 6974.29345
9.00000  -1600.00000  14.36314 6962.26591
9.00000  -1580.00000  14.36749 6960.15797
9.00000  -1560.00000  14.40178 6943.58614
9.00000  -1540.00000  14.38246 6952.91590
9.00000  -1520.00000  14.40706 6941.03900
9.00000  -1500.00000  14.39540 6946.66352
9.00000  -1480.00000  14.41677 6936.36647
9.00000  -1460.00000  14.44546 6922.59021
9.00000  -1440.00000  14.43001 6930.00213
9.00000  -1420.00000  14.46268 6914.35022
9.00000  -1400.00000  14.47962 6906.25620
9.00000  -1380.00000  14.49699 6897.98127
9.00000  -1360.00000  14.48702 6902.72848
9.00000  -1340.00000  14.50680 6893.31662
9.00000  -1320.00000  14.52936 6882.61325
9.00000  -1300.00000  14.53012 6882.25799
9.00000  -1280.00000  14.55148 6872.15085
9.00000  -1260.00000  14.54346 6875.94286
9.00000  -1240.00000  14.56136 6867.49040
9.00000  -1220.00000  14.57166 6862.63610
9.00000  -1200.00000  14.60624 6846.38894
9.00000  -1180.00000  14.60375 6847.55628
9.00000  -1160.00000  14.62700 6836.67425
9.00000  -1140.00000  14.62956 6835.47557
9.00000  -1120.00000  14.63080 6834.89625
9.00000  -1100.00000  14.64455 6828.48119
9.00000  -1080.00000  14.67207 6815.67086
9.00000  -1060.00000  14.67717 6813.30489
9.00000  -1040.00000  14.68578 6809.30805
9.00000  -1020.00000  14.69194 6806.45538
9.00000  -1000.00000  14.69737 6803.93608
9.00000  -980.00000  14.72014 6793.41596
9.00000  -960.00000  14.71537 6795.61805
9.00000  -940.00000  14.71032 6797.94865
9.00000  -920.00000  14.74205 6783.31711
9.00000  -900.00000  14.74852 6780.34135
9.00000  -880.00000  14.76394 6773.26201
9.00000  -860.00000  14.74525 6781.84500
9.00000  -840.00000  14.77483 6768.26967
9.00000  -820.00000  14.78461 6763.79018
9.00000  -800.00000  14.77923 6766.25466
9.00000  -780.00000  14.79512 6758.98311
9.00000  -760.00000  14.83658 6740.09779
9.00000  -740.00000  14.81433 6750.21862
9.00000  -720.00000  14.83158 6742.37227
9.00000  -700.00000  14.86826 6725.73657
9.00000  -680.00000  14.84794 6734.94328
9.00000  -660.00000  14.87661 6721.96378
9.00000  -640.00000  14.86853 6725.61217
9.00000  -620.00000  14.86517 6727.13690
9.00000  -600.00000  14.90557 6708.90144
9.00000  -580.00000  14.89246 6714.80736
9.00000  -560.00000  14.88632 6717.57469
9.00000  -540.00000  14.92065 6702.12089
9.00000  -520.00000  14.90262 6710.23173
9.00000  -500.00000  14.92282 6701.14630
9.00000  -480.00000  14.94687 6690.36394
9.00000  -460.00000  14.94030 6693.30602
9.00000  -440.00000  14.94819 6689.77538
9.00000  -420.00000  14.95831 6685.24943
9.00000  -400.00000  14.97425 6678.13079
9.00000  -380.00000  14.96133 6683.89552
9.00000  -360.00000  14.97932 6675.87047
9.00000  -340.00000  14.98789 6672.05324
9.00000  -320.00000  14.97046 6679.82369
9.00000  -300.00000  14.99944 6666.91334
9.00000  -280.00000  14.99948 6666.89779
9.00000  -260.00000  15.01297 6660.90942
9.00000  -240.00000  15.02658 6654.87202
9.00000  -220.00000  15.00399 6664.89158
9.00000  -200.00000  15.02482 6655.65156
9.00000  -180.00000  15.02299 6656.46453
9.00000  -160.00000  15.03585 6650.77353
9.00000  -140.00000  15.03723 6650.16097
9.00000  -120.00000  15.05475 6642.42403
9.00000  -100.00000  15.06169 6639.36119
9.00000  -80.00000  15.03255 6652.23354
9.00000  -60.00000  15.05377 6642.85425
9.00000  -40.00000  15.03035 6653.20502
9.00000  -20.00000  15.04327 6647.48866
9.00000  0.00000  15.03638 6650.53911
9.00000  20.00000  15.04423 6647.06889
9.00000  40.00000  15.08212 6630.36542
9.00000  60.00000  15.05195 6643.65747
9.00000  80.00000  15.04572 6646.40621
9.00000  100.00000  15.04418 6647.08657
9.00000  120.00000  15.02097 6657.35746
9.00000  140.00000  15.02667 6654.83659
9.00000  160.00000  15.03264 6652.18929
9.00000  180.00000  15.03999 6648.94059
9.00000  200.00000  15.00089 6666.26891
9.00000  220.00000  15.00227 6665.65793
9.00000  240.00000  15.02316 6656.38920
9.00000  260.00000  15.00141 6666.04006
9.00000  280.00000  14.98971 6671.24536
9.00000  300.00000  14.99892 6667.14670
9.00000  320.00000  14.98689 6672.50066
9.00000  340.00000  14.98203 6674.66514
9.00000  360.00000  14.98139 6674.94805
9.00000  380.00000  14.94499 6691.20555
9.00000  400.00000  14.98363 6673.95240
9.00000  420.00000  14.94051 6693.21195
9.00000  440.00000  14.94050 6693.21867
9.00000  460.00000  14.93054 6697.68364
9.00000  480.00000  14.92292 6701.10139
9.00000  500.00000  14.92441 6700.43013
9.00000  520.00000  14.90893 6707.39171
9.00000  540.00000  14.93290 6696.62289
9.00000  560.00000  14.90165 6710.66627
9.00000  580.00000  14.89393 6714.14462
9.00000  600.00000  14.89942 6711.67291
9.00000  620.00000  14.89448 6713.89444
9.00000  640.00000  14.86343 6727.91989
9.00000  660.00000  14.85476 6731.85118
9.00000  680.00000  14.84909 6734.41942
9.00000  700.00000  14.85489 6731.78774
9.00000  720.00000  14.81808 6748.51263
9.00000  740.00000  14.80589 6754.06654
9.00000  760.00000  14.82488 6745.41716
9.00000  780.00000  14.79626 6758.46692
9.00000  800.00000  14.79017 6761.24522
9.00000  820.00000  14.78708 6762.65809
9.00000  840.00000  14.77739 6767.09716
9.00000  860.00000  14.76013 6775.00808
9.00000  880.00000  14.72379 6791.72727
9.00000  900.00000  14.74576 6781.60814
9.00000  920.00000  14.73473 6786.68696
9.00000  940.00000  14.72273 6792.22087
9.00000  960.00000  14.71935 6793.77826
9.00000  980.00000  14.73783 6785.26173
9.00000  1000.00000  14.69552 6804.79262
9.00000  1020.00000  14.68263 6810.76892
9.00000  1040.00000  14.68589 6809.25473
9.00000  1060.00000  14.66596 6818.50802
9.00000  1080.00000  14.68299 6810.60193
9.00000  1100.00000  14.64224 6829.55380
9.00000  1120.00000  14.65237 6824.83215
9.00000  1140.00000  14.61550 6842.04891
9.00000  1160.00000  14.63141 6834.61129
9.00000  1180.00000  14.61434 6842.59667
9.00000  1200.00000  14.61428 6842.62476
9.00000  1220.00000  14.59775 6850.37078
9.00000  1240.00000  14.56753 6864.58171
9.00000  1260.00000  14.56872 6864.02100
9.00000  1280.00000  14.54224 6876.51971
9.00000  1300.00000  14.53838 6878.34309
9.00000  1320.00000  14.54773 6873.92466
9.00000  1340.00000  14.53198 6881.37473
9.00000  1360.00000  14.52636 6884.03465
9.00000  1380.00000  14.50917 6892.19063
9.00000  1400.00000  14.47654 6907.72795
9.00000  1420.00000  14.47906 6906.52570
9.00000  1440.00000  14.44106 6924.70183
9.00000  1460.00000  14.44740 6921.66064
9.00000  1480.00000  14.42027 6934.68292
9.00000  1500.00000  14.42277 6933.48328
9.00000  1520.00000  14.42973 6930.13420
9.00000  1540.00000  14.39313 6947.76152
9.00000  1560.00000  14.37670 6955.69673
9.00000  1580.00000  14.38021 6954.00379
9.00000  1600.00000  14.34700 6970.09828
9.00000  1620.00000  14.34421 6971.45399
9.00000  1640.00000  14.32775 6979.46293
9.00000  1660.00000  14.31473 6985.81112
9.00000  1680.00000  14.28292 7001.36702
9.00000  1700.00000  14.28977 6998.01326
9.00000  1720.00000  14.26088 7012.18999
9.00000  1740.00000  14.25277 7016.18001
9.00000  1760.00000  14.23421 7025.33088
9.00000  1780.00000  14.25766 7013.77119
9.00000  1800.00000  14.24933 7017.87382
9.00000  1820.00000  14.22427 7030.23528
9.00000  1840.00000  14.21210 7036.25536
9.00000  1860.00000  14.16635 7058.98132
9.00000  1880.00000  14.17154 7056.39613
9.00000  1900.00000  14.15456 7064.86108
9.00000  1920.00000  14.16031 7061.99229
9.00000  1940.00000  14.14876 7067.75967
9.00000  1960.00000  14.14960 7067.33759
9.00000  1980.00000  14.13901 7072.63097
9.00000  2000.00000  14.10658 7088.88792
