12.00000  -2000.00000  15.22897 6566.43227
12.00000  -1980.00000  15.20833 6575.34175
12.00000  -1960.00000  15.21847 6570.96063
12.00000  -1940.00000  15.24796 6558.25435
12.00000  -1920.00000  15.26235 6552.07095
12.00000  -1900.00000  15.27048 6548.58262
12.00000  -1880.00000  15.27989 6544.54759
12.00000  -1860.00000  15.32234 6526.41829
12.00000  -1840.00000  15.31754 6528.46345
12.00000  -1820.00000  15.32030 6527.28732
12.00000  -1800.00000  15.32100 6526.98910
12.00000  -1780.00000  15.30711 6532.90970
12.00000  -1760.00000  15.31527 6529.42895
12.00000  -1740.00000  15.33117 6522.65727
12.00000  -1720.00000  15.35392 6512.99473
12.00000  -1700.00000  15.35775 6511.36836
12.00000  -1680.00000  15.35903 6510.82995
12.00000  -1660.00000  15.38062 6501.68849
12.00000  -1640.00000  15.38572 6499.53333
12.00000  -1620.00000  15.42760 6481.88750
12.00000  -1600.00000  15.40673 6490.66999
12.00000  -1580.00000  15.43544 6478.59521
12.00000  -1560.00000  15.42242 6484.06670
12.00000  -1540.00000  15.45742 6469.38702
12.00000  -1520.00000  15.44476 6474.68786
12.00000  -1500.00000  15.46580 6465.87955
12.00000  -1480.00000  15.49794 6452.47254
12.00000  -1460.00000  15.49585 6453.34073
12.00000  -1440.00000  15.55098 6430.46290
12.00000  -1420.00000  15.50619 6449.03745
12.00000  -1400.00000  15.50678 6448.79416
12.00000  -1380.00000  15.52592 6440.84215
12.00000  -1360.00000  15.55732 6427.84026
12.00000  -1340.00000  15.56593 6424.28689
12.00000  -1320.00000  15.56481 6424.74916
12.00000  -1300.00000  15.57215 6421.72289
12.00000  -1280.00000  15.58992 6414.40316
12.00000  -1260.00000  15.57728 6419.60599
12.00000  -1240.00000  15.59221 6413.45697
12.00000  -1220.00000  15.62071 6401.75562
12.00000  -1200.00000  15.60805 6406.95026
12.00000  -1180.00000  15.61912 6402.41140
12.00000  -1160.00000  15.65755 6386.69524
12.00000  -1140.00000  15.66772 6382.54960
12.00000  -1120.00000  15.65789 6386.55859
12.00000  -1100.00000  15.66740 6382.68200
12.00000  -1080.00000  15.67630 6379.05425
12.00000  -1060.00000  15.67583 6379.24754
12.00000  -1040.00000  15.69954 6369.61338
12.00000  -1020.00000  15.70329 6368.09229
12.00000  -1000.00000  15.70730 6366.46452
12.00000  -980.00000  15.72306 6360.08310
12.00000  -960.00000  15.72216 6360.45122
12.00000  -940.00000  15.74004 6353.22401
12.00000  -920.00000  15.72544 6359.12254
12.00000  -900.00000  15.79700 6330.31588
12.00000  -880.00000  15.80000 6329.11192
12.00000  -860.00000  15.76116 6344.71268
12.00000  -840.00000  15.79688 6330.36397
12.00000  -820.00000  15.81183 6324.37865
12.00000  -800.00000  15.79502 6331.10742
12.00000  -780.00000  15.79439 6331.35995
12.00000  -760.00000  15.80098 6328.71938
12.00000  -740.00000  15.79438 6331.36597
12.00000  -720.00000  15.79096 6332.73721
12.00000  -700.00000  15.83240 6316.15980
12.00000  -680.00000  15.86419 6303.50494
12.00000  -660.00000  15.84472 6311.25268
12.00000  -640.00000  15.86308 6303.94801
12.00000  -620.00000  15.84406 6311.51359
12.00000  -600.00000  15.83431 6315.39991
12.00000  -580.00000  15.87108 6300.76844
12.00000  -560.00000  15.87432 6299.48442
12.00000  -540.00000  15.87790 6298.06010
12.00000  -520.00000  15.89701 6290.49308
12.00000  -500.00000  15.89110 6292.82860
12.00000  -480.00000  15.91236 6284.42095
12.00000  -460.00000  15.92557 6279.21010
12.00000  -440.00000  15.95174 6268.90860
12.00000  -420.00000  15.92910 6277.81661
12.00000  -400.00000  15.97059 6261.50944
12.00000  -380.00000  15.93255 6276.46117
12.00000  -360.00000  15.95367 6268.15218
12.00000  -340.00000  15.92600 6279.03859
12.00000  -320.00000  15.95899 6266.05873
12.00000  -300.00000  15.92767 6278.38024
12.00000  -280.00000  15.94630 6271.04720
12.00000  -260.00000  15.95853 6266.24131
12.00000  -240.00000  15.94818 6270.30796
12.00000  -220.00000  15.95806 6266.42783
12.00000  -200.00000  15.96422 6264.00789
12.00000  -180.00000  15.95258 6268.57850
12.00000  -160.00000  15.97087 6261.39966
12.00000  -140.00000  15.97868 6258.33924
12.00000  -120.00000  15.97537 6259.63789
12.00000  -100.00000  15.99958 6250.16211
12.00000  -80.00000  15.98578 6255.56159
12.00000  -60.00000  15.97383 6260.23940
12.00000  -40.00000  15.97315 6260.50591
12.00000  -20.00000  16.00700 6247.26487
12.00000  0.00000  15.99954 6250.18165
12.00000  20.00000  15.97315 6260.50591
12.00000  40.00000  15.97845 6258.43128
12.00000  60.00000  15.96570 6263.42526
12.00000  80.00000  15.98963 6254.05145
12.00000  100.00000  15.96492 6263.73520
12.00000  120.00000  16.00321 6248.74635
12.00000  140.00000  15.98993 6253.93607
12.00000  160.00000  15.97941 6258.05333
12.00000  180.00000  15.96944 6261.96034
12.00000  200.00000  15.97420 6260.09440
12.00000  220.00000  15.95369 6268.14235
12.00000  240.00000  15.96038 6265.51694
12.00000  260.00000  15.94205 6272.72097
12.00000  280.00000  15.96259 6264.64753
12.00000  300.00000  15.94710 6270.73261
12.00000  320.00000  15.98085 6257.49139
12.00000  340.00000  15.94030 6273.40765
12.00000  360.00000  15.94665 6270.90760
12.00000  380.00000  15.91869 6281.92395
12.00000  400.00000  15.92475 6279.53146
12.00000  420.00000  15.92271 6280.33796
12.00000  440.00000  15.90659 6286.70256
12.00000  460.00000  15.91749 6282.39754
12.00000  480.00000  15.88984 6293.32957
12.00000  500.00000  15.88091 6296.87036
12.00000  520.00000  15.89894 6289.72749
12.00000  540.00000  15.89391 6291.72000
12.00000  560.00000  15.88231 6296.31134
12.00000  580.00000  15.89099 6292.87216
12.00000  600.00000  15.85745 6306.18217
12.00000  620.00000  15.86398 6303.58639
12.00000  640.00000  15.85002 6309.14030
12.00000  660.00000  15.85404 6307.54054
12.00000  680.00000  15.83705 6314.30727
12.00000  700.00000  15.83764 6314.07205
12.00000  720.00000  15.83303 6315.91247
12.00000  740.00000  15.85013 6309.09453
12.00000  760.00000  15.84549 6310.94400
12.00000  780.00000  15.79404 6331.50427
12.00000  800.00000  15.79827 6329.80700
12.00000  820.00000  15.77392 6339.57824
12.00000  840.00000  15.78322 6335.84476
12.00000  860.00000  15.76854 6341.73920
12.00000  880.00000  15.76684 6342.42298
12.00000  900.00000  15.74521 6351.13992
12.00000  920.00000  15.75144 6348.62590
12.00000  940.00000  15.75570 6346.90937
12.00000  960.00000  15.73635 6354.71175
12.00000  980.00000  15.69418 6371.78675
12.00000  1000.00000  15.71606 6362.91591
12.00000  1020.00000  15.68178 6376.82915
12.00000  1040.00000  15.65967 6385.83265
12.00000  1060.00000  15.66791 6382.47220
12.00000  1080.00000  15.66421 6383.97979
12.00000  1100.00000  15.65480 6387.81920
12.00000  1120.00000  15.67043 6381.44582
12.00000  1140.00000  15.63261 6396.88446
12.00000  1160.00000  15.61207 6405.30051
12.00000  1180.00000  15.60058 6410.01603
12.00000  1200.00000  15.61307 6404.88821
12.00000  1220.00000  15.60590 6407.83499
12.00000  1240.00000  15.60930 6406.43719
12.00000  1260.00000  15.59463 6412.46583
12.00000  1280.00000  15.59399 6412.72490
12.00000  1300.00000  15.57769 6419.43497
12.00000  1320.00000  15.55079 6430.54354
12.00000  1340.00000  15.53719 6436.17025
12.00000  1360.00000  15.54129 6434.47230
12.00000  1380.00000  15.53992 6435.03956
12.00000  1400.00000  15.52757 6440.15773
12.00000  1420.00000  15.52834 6439.83839
12.00000  1440.00000  15.52685 6440.45637
12.00000  1460.00000  15.48419 6458.20027
12.00000  1480.00000  15.49944 6451.84600
12.00000  1500.00000  15.48249 6458.90939
12.00000  1520.00000  15.48639 6457.28281
12.00000  1540.00000  15.45913 6468.66932
12.00000  1560.00000  15.44657 6473.92916
12.00000  1580.00000  15.45919 6468.64422
12.00000  1600.00000  15.42993 6480.91290
12.00000  1620.00000  15.41033 6489.15581
12.00000  1640.00000  15.43491 6478.82187
12.00000  1660.00000  15.38255 6500.87063
12.00000  1680.00000  15.36410 6508.67721
12.00000  1700.00000  15.36530 6508.17101
12.00000  1720.00000  15.34441 6517.03128
12.00000  1740.00000  15.36762 6507.18637
12.00000  1760.00000  15.32835 6523.85938
12.00000  1780.00000  15.32671 6524.55533
12.00000  1800.00000  15.33236 6522.15315
12.00000  1820.00000  15.29894 6536.40056
12.00000  1840.00000  15.30877 6532.20557
12.00000  1860.00000  15.30928 6531.98583
12.00000  1880.00000  15.28229 6543.52195
12.00000  1900.00000  15.27435 6546.92558
12.00000  1920.00000  15.25171 6556.63970
12.00000  1940.00000  15.23097 6565.57002
12.00000  1960.00000  15.24604 6559.07811
12.00000  1980.00000  15.21261 6573.49396
12.00000  2000.00000  15.20784 6575.55360
